
Random numbers
input_size  Bubble      selection   insertion   quick
10000       0.302851    0.124428    0.084570    0.003130
            0.299487    0.129768    0.084910    0.003219
            0.307081    0.163505    0.084011    0.003215
            0.300958    0.125900    0.085485    0.003144
            0.303092    0.123872    0.085758    0.003074

50000       8.013700    2.962867    1.942414    0.012078
            7.948638    2.888841    1.952990    0.014338
            8.187814    2.965706    1.945075    0.010889
            8.153271    2.968377    1.941795    0.012849
            7.934618    2.829480    1.937388    0.012421

100000      31.928963   11.316596   7.876914    0.024244
            32.558166   11.292371   7.779602    0.020505
            32.567070   11.414013   7.770216    0.021604
            32.757516   11.282444   7.801247    0.022457
            32.252995   11.446243   7.812390    0.020864

150000      72.068501   25.365642   17.427680   0.029375
            71.993606   25.342968   17.428690   0.030880
            72.143631   25.408509   17.344614   0.031132
            73.585934   25.343411   17.342372   0.032108
            73.013843   25.386094   17.554993   0.031117

200000      182.804728  45.043949   31.124143   0.039876
            187.287841  45.178386   30.687581   0.040044
            189.775358  45.262482   30.863921   0.042476
            187.930385  45.445389   30.686393   0.041068
            187.191662  45.478030   31.207726   0.041304

sorted array
input_size  Bubble      selection   insertion   quick
10000       0.130427    0.124455    0.000096    0.417695
            0.130774    0.122845    0.000096    0.415124
            0.135805    0.125473    0.000073    0.417010
            0.131932    0.124033    0.000097    0.419020

50000       3.168508    2.975617    0.000481    10.187927
            3.056301    3.031092    0.000473    10.200414
            3.155589    2.922896    0.000473    10.153799
            3.147371    2.898770    0.000287    10.240951
            3.158004    2.916772    0.000270    10.143057

100000      12.352371   11.730053   0.000942    40.727710
            12.373706   11.690191   0.000952
                                    0.000944
                                    0.000944
                                    0.000951

150000      27.491464   26.489548   0.001354    91.047794
                                    0.001554
                                    0.001659
                                    0.001827
                                    0.001421

200000      49.849912   46.703147   0.002110    seg fault
                                    0.002095
                                    0.002225
                                    0.002139
                                    0.002042


reverse sorted array
input_size  Bubble      selection   insertion   quick
10000       0.170430    0.178864    0.170989    0.174743
            0.175262    0.175206    0.173429    0.165764
            0.169854    0.176237    0.175738    0.169574
            0.172372    0.175156    0.195244    0.174100
            0.166918    0.173492    0.172092    0.173377

50000       4.276540    2.549870    2.985159    3.647546
            4.194674    2.437653    2.781859    3.737251
            4.171159    2.450478    2.757218    3.650118
            4.227250    2.439953    2.847010    3.759842
            4.305116    2.442880    2.835219    3.899810

100000      18.830857   10.795319   12.486461   15.426031
            19.095577   10.427080   12.459324   13.917806
            19.023402   10.511272   12.204033   14.137150
            18.916298   10.715563   11.834567   14.584409
            19.155364   10.671273   11.934601   14.488171

150000      42.860130   23.701219   28.242880   36.103569
            41.119228   23.370389   29.870249   35.307201

200000      81.673394   50.003215   60.837819   seg fault
            83.715207   52.033262   62.627431